4 0.553125 0.146484375 0.021875 0.03046875
4 0.67734375 0.258984375 0.0421875 0.05546875
1 0.805859375 0.426953125 0.01484375 0.02578125
3 0.1875 0.55 0.034375 0.18125
3 0.238671875 0.578515625 0.05859375 0.27578125
3 0.312890625 0.5734375 0.03515625 0.2
3 0.3765625 0.63515625 0.04375 0.2296875
3 0.40234375 0.46484375 0.0296875 0.1546875
3 0.37890625 0.454296875 0.0265625 0.16171875
3 0.475 0.678125 0.0625 0.203125
3 0.5984375 0.611328125 0.04375 0.20078125
3 0.648828125 0.56953125 0.02578125 0.1359375
3 0.704296875 0.59296875 0.03046875 0.2109375
3 0.8125 0.5109375 0.028125 0.203125
3 0.644921875 0.7265625 0.03671875 0.221875
1 0.399609375 0.323046875 0.01171875 0.02421875
3 0.21953125 0.24453125 0.0203125 0.0984375
3 0.286328125 0.294140625 0.02890625 0.08203125
3 0.355078125 0.281640625 0.02265625 0.07578125
3 0.430859375 0.278515625 0.02734375 0.09140625
3 0.446484375 0.2671875 0.00859375 0.09375
3 0.4546875 0.247265625 0.009375 0.03203125
3 0.475 0.247265625 0.015625 0.06328125
3 0.465234375 0.290234375 0.01796875 0.08671875
3 0.486328125 0.315234375 0.03203125 0.08359375
3 0.5203125 0.3015625 0.021875 0.09375
3 0.6453125 0.308203125 0.01875 0.12578125