4 0.50390625 0.14296875 0.0265625 0.0328125
4 0.6421875 0.23828125 0.05 0.0609375
1 0.7921875 0.384375 0.01875 0.028125
3 0.1984375 0.5921875 0.059375 0.184375
3 0.253125 0.615625 0.096875 0.28125
3 0.325 0.5984375 0.0625 0.203125
3 0.396875 0.65078125 0.075 0.2328125
3 0.39765625 0.47890625 0.0515625 0.1578125
3 0.37421875 0.47265625 0.0484375 0.1640625
3 0.5 0.6796875 0.090625 0.209375
3 0.6140625 0.59765625 0.071875 0.2046875
3 0.6578125 0.5484375 0.04375 0.1375
3 0.715625 0.5625 0.059375 0.2125
3 0.8109375 0.46796875 0.05625 0.2046875
3 0.67421875 0.703125 0.0671875 0.225
1 0.3765625 0.3390625 0.015625 0.025
3 0.1859375 0.2859375 0.034375 0.1
3 0.259375 0.32734375 0.040625 0.0859375
3 0.32734375 0.3046875 0.0328125 0.078125
3 0.40078125 0.290625 0.0390625 0.09375
3 0.415625 0.2765625 0.021875 0.09375
3 0.41953125 0.25546875 0.0140625 0.0328125
3 0.4390625 0.25390625 0.025 0.0640625
3 0.43671875 0.29765625 0.0296875 0.0890625
3 0.4609375 0.3203125 0.04375 0.0875
3 0.4921875 0.30078125 0.034375 0.0953125
3 0.61640625 0.29140625 0.0359375 0.1265625