4 0.6703125 0.288671875 0.046875 0.08359375
1 0.330078125 0.5890625 0.01953125 0.040625
3 0.021875 0.56953125 0.04375 0.2859375
3 0.08671875 0.7328125 0.0734375 0.35
3 0.2953125 0.6328125 0.08125 0.2875
3 0.416015625 0.55625 0.06015625 0.2375
3 0.479296875 0.5515625 0.06171875 0.196875
3 0.54609375 0.5390625 0.0546875 0.2125
3 0.4328125 0.89375 0.078125 0.2125
3 0.614453125 0.68828125 0.06640625 0.3484375
3 0.73203125 0.65625 0.0609375 0.353125
3 0.69375 0.44921875 0.05625 0.2484375
3 0.591796875 0.3796875 0.05234375 0.234375
1 0.609375 0.349609375 0.015625 0.03359375