4 0.655078125 0.48671875 0.05078125 0.0765625
3 0.74921875 0.8140625 0.1046875 0.253125
3 0.60390625 0.811328125 0.1171875 0.23203125
3 0.553515625 0.788671875 0.06015625 0.26484375
3 0.447265625 0.70859375 0.04765625 0.2390625
3 0.352734375 0.762890625 0.07109375 0.24140625
3 0.22890625 0.841796875 0.0796875 0.28046875
3 0.030859375 0.72265625 0.04296875 0.2109375
1 0.496875 0.433203125 0.021875 0.03515625
3 0.246484375 0.72265625 0.04296875 0.1921875
3 0.17109375 0.78671875 0.1109375 0.2296875