4 0.225390625 0.287890625 0.04453125 0.06015625
3 0.65546875 0.623828125 0.1828125 0.45390625
3 0.4609375 0.584765625 0.090625 0.30703125
3 0.3671875 0.536328125 0.06875 0.19453125
3 0.197265625 0.552734375 0.06953125 0.22109375
3 0.800390625 0.519921875 0.07578125 0.22109375
1 0.383984375 0.086328125 0.02109375 0.03203125
3 0.907421875 0.520703125 0.08671875 0.21640625
3 0.903125 0.486328125 0.0375 0.13515625
3 0.965234375 0.48671875 0.03671875 0.1390625
3 0.746875 0.483984375 0.034375 0.13046875
3 0.602734375 0.485546875 0.02734375 0.12421875
3 0.51796875 0.5265625 0.0796875 0.1875
3 0.17421875 0.499609375 0.0328125 0.24609375