4 0.63203125 0.11171875 0.1140625 0.2203125
3 0.625 0.7078125 0.078125 0.25
3 0.515625 0.692578125 0.053125 0.23828125
3 0.2953125 0.74921875 0.09375 0.3265625
3 0.38515625 0.664453125 0.0421875 0.11953125
3 0.430078125 0.641796875 0.03203125 0.11796875
1 0.559765625 0.0578125 0.04453125 0.065625
3 0.849609375 0.61015625 0.04609375 0.1578125
3 0.683984375 0.655859375 0.04921875 0.17421875
3 0.541015625 0.65 0.02890625 0.146875
3 0.5859375 0.644921875 0.0375 0.15546875
3 0.609765625 0.6 0.01953125 0.0625