3 0.669140625 0.668359375 0.10390625 0.50859375
3 0.200390625 0.7015625 0.11015625 0.596875
3 0.523046875 0.662890625 0.10234375 0.49140625
1 0.454296875 0.816015625 0.06796875 0.09140625
3 0.4359375 0.74140625 0.175 0.4828125
1 0.3796875 0.493359375 0.021875 0.03046875
3 0.403515625 0.5109375 0.06328125 0.21875
4 0.421875 0.228125 0.05625 0.09375
4 0.43515625 0.35234375 0.0234375 0.0296875
3 0.55859375 0.53828125 0.0515625 0.2984375
3 0.691796875 0.43984375 0.04609375 0.1515625
4 0.833984375 0.366015625 0.01796875 0.03515625