3 0.95390625 0.63359375 0.0921875 0.3234375
3 0.88828125 0.612109375 0.0578125 0.31484375
3 0.71328125 0.593359375 0.0703125 0.23359375
3 0.203125 0.578515625 0.0625 0.28515625
4 0.813671875 0.3796875 0.03984375 0.065625
3 0.5015625 0.494921875 0.075 0.50234375
1 0.5640625 0.158203125 0.046875 0.06953125
5 0.525390625 0.434375 0.12265625 0.625
3 0.559765625 0.5203125 0.05703125 0.44375
3 0.60625 0.583984375 0.040625 0.18671875
3 0.265625 0.57421875 0.04375 0.1921875
4 0.262890625 0.460546875 0.02265625 0.03671875