3 0.485546875 0.8125 0.07421875 0.359375
3 0.96015625 0.83984375 0.0796875 0.3203125
3 0.878125 0.85 0.125 0.3
3 0.7953125 0.804296875 0.046875 0.20546875
3 0.06953125 0.84921875 0.1390625 0.3015625
3 0.16171875 0.8390625 0.0765625 0.321875
4 0.5859375 0.237890625 0.121875 0.14140625
1 0.496484375 0.40078125 0.03359375 0.0515625
3 0.205078125 0.816796875 0.03828125 0.25859375
3 0.316015625 0.779296875 0.03203125 0.11796875
4 0.4234375 0.684375 0.015625 0.028125
4 0.880859375 0.668359375 0.01484375 0.02109375