3 0.2703125 0.723046875 0.078125 0.29296875
3 0.1015625 0.730859375 0.09375 0.36171875
3 0.69140625 0.69140625 0.0921875 0.3203125
3 0.896484375 0.66484375 0.03671875 0.1046875
3 0.85625 0.684375 0.053125 0.140625
4 0.341796875 0.209765625 0.10546875 0.13828125
1 0.613671875 0.291796875 0.03359375 0.04609375
3 0.737109375 0.669140625 0.03046875 0.11328125
3 0.403515625 0.670703125 0.01953125 0.10390625
3 0.53828125 0.66875 0.0234375 0.09375
1 0.44296875 0.616015625 0.0078125 0.01015625
4 0.500390625 0.591015625 0.01328125 0.01953125