4 0.38984375 0.368359375 0.1703125 0.13984375
1 0.437109375 0.199609375 0.08671875 0.06796875
3 0.82109375 0.8625 0.1828125 0.275
3 0.612890625 0.844140625 0.20078125 0.31015625
3 0.49140625 0.853125 0.1515625 0.29375
4 0.614453125 0.6515625 0.03828125 0.028125
3 0.053515625 0.77734375 0.07265625 0.1515625
3 0.235546875 0.774609375 0.03984375 0.13046875
3 0.276953125 0.771484375 0.03828125 0.12734375
3 0.3078125 0.770703125 0.046875 0.12578125
3 0.35078125 0.7734375 0.0484375 0.109375
3 0.376953125 0.769140625 0.02890625 0.10703125
3 0.40859375 0.7640625 0.0328125 0.109375
3 0.453125 0.76640625 0.04375 0.1015625
3 0.747265625 0.7734375 0.02890625 0.084375
3 0.772265625 0.76015625 0.02890625 0.0640625
3 0.798046875 0.751953125 0.02734375 0.05390625
3 0.935546875 0.773046875 0.03046875 0.11484375
3 0.9609375 0.771484375 0.046875 0.07421875
3 0.94609375 0.88515625 0.1078125 0.2265625