4 0.40703125 0.35625 0.1859375 0.159375
1 0.475 0.19375 0.09375 0.078125
3 0.7734375 0.87578125 0.215625 0.2484375
3 0.56875 0.84453125 0.2375 0.3109375
3 0.44765625 0.846875 0.1859375 0.30625
4 0.59609375 0.66328125 0.0421875 0.0328125
3 0.03359375 0.7203125 0.0671875 0.159375
3 0.20390625 0.740625 0.0546875 0.134375
3 0.246875 0.74375 0.053125 0.13125
3 0.2765625 0.7453125 0.0625 0.13125
3 0.31953125 0.75234375 0.0609375 0.1140625
3 0.34609375 0.7515625 0.0421875 0.109375
3 0.37734375 0.7515625 0.0453125 0.1125
3 0.421875 0.759375 0.05625 0.10625
3 0.71171875 0.8015625 0.0390625 0.0875
3 0.73828125 0.79140625 0.0359375 0.0671875
3 0.765625 0.7875 0.034375 0.05625
3 0.8984375 0.82421875 0.04375 0.1171875
3 0.925 0.82578125 0.05625 0.0796875
3 0.8953125 0.90859375 0.134375 0.1828125