3 0.707421875 0.715625 0.09609375 0.35625
3 0.541796875 0.70625 0.06171875 0.28125
3 0.28984375 0.721875 0.0390625 0.296875
3 0.3671875 0.71328125 0.05 0.2765625
3 0.437109375 0.709765625 0.07109375 0.27265625
3 0.207421875 0.713671875 0.05546875 0.30234375
3 0.15625 0.71640625 0.05 0.2921875
3 0.114453125 0.710546875 0.04765625 0.27421875
1 0.59609375 0.15859375 0.0359375 0.0546875
4 0.573046875 0.240234375 0.07109375 0.02734375
1 0.55078125 0.65390625 0.0296875 0.0453125
1 0.414453125 0.67734375 0.02890625 0.0421875
1 0.3734375 0.69296875 0.028125 0.0453125
1 0.0890625 0.66484375 0.015625 0.0421875
1 0.124609375 0.6796875 0.02734375 0.04375
1 0.16640625 0.68046875 0.0265625 0.0453125
1 0.22109375 0.68359375 0.0265625 0.0453125
1 0.299609375 0.68125 0.02734375 0.046875
3 0.0765625 0.70390625 0.046875 0.2703125
3 0.03046875 0.7140625 0.0609375 0.315625