3 0.21171875 0.568359375 0.1234375 0.36171875
1 0.250390625 0.440625 0.03828125 0.046875
3 0.294921875 0.525 0.09921875 0.228125
3 0.34375 0.513671875 0.065625 0.19609375
3 0.42734375 0.494140625 0.0328125 0.14765625
3 0.460546875 0.487109375 0.04609375 0.16484375
3 0.575390625 0.469140625 0.04140625 0.13203125
3 0.64375 0.465625 0.046875 0.128125
3 0.6078125 0.471484375 0.040625 0.11171875
3 0.779296875 0.465234375 0.10859375 0.19609375
3 0.90625 0.453125 0.053125 0.19375
4 0.298828125 0.310546875 0.03515625 0.02421875