3 0.79453125 0.614453125 0.0765625 0.28515625
3 0.179296875 0.602734375 0.09921875 0.42421875
3 0.3328125 0.612109375 0.190625 0.39296875
4 0.845703125 0.284765625 0.06015625 0.09140625
1 0.713671875 0.394921875 0.02734375 0.03984375
3 0.7203125 0.54453125 0.065625 0.3328125
5 0.72109375 0.542578125 0.0640625 0.33828125
3 0.523046875 0.591015625 0.08671875 0.24140625
3 0.440625 0.582421875 0.059375 0.20859375
3 0.238671875 0.5953125 0.05546875 0.290625
3 0.1015625 0.560546875 0.05 0.23984375
4 0.23515625 0.4421875 0.0203125 0.03125