4 0.662890625 0.55 0.05390625 0.06875
3 0.033203125 0.85859375 0.04140625 0.2703125
3 0.069921875 0.86484375 0.03359375 0.2703125
3 0.11484375 0.89453125 0.1078125 0.2109375
3 0.46328125 0.91015625 0.0890625 0.1796875
3 0.509765625 0.86328125 0.06328125 0.2734375
3 0.629296875 0.87734375 0.05546875 0.2453125
3 0.666015625 0.8703125 0.06015625 0.259375
3 0.662890625 0.77890625 0.06328125 0.3671875
3 0.705078125 0.794140625 0.05703125 0.41015625
1 0.7 0.585546875 0.021875 0.03984375
5 0.705859375 0.78046875 0.05859375 0.4390625