3 0.96796875 0.58125 0.0515625 0.240625
3 0.81640625 0.586328125 0.0453125 0.25703125
3 0.4765625 0.609375 0.065625 0.328125
3 0.355859375 0.591796875 0.08359375 0.28984375
3 0.416015625 0.576171875 0.06015625 0.27109375
3 0.5578125 0.603515625 0.125 0.28515625
4 0.359765625 0.353515625 0.04140625 0.11640625
1 0.3703125 0.28984375 0.021875 0.0328125
3 0.628515625 0.561328125 0.04140625 0.16328125
4 0.726171875 0.40625 0.02421875 0.01875
1 0.910546875 0.610546875 0.01484375 0.02109375
1 0.927734375 0.610546875 0.01484375 0.02109375