3 0.6265625 0.61484375 0.075 0.1484375
3 0.503125 0.596875 0.071875 0.315625
3 0.3875 0.622265625 0.0625 0.20078125
3 0.2984375 0.63203125 0.0625 0.1734375
3 0.221484375 0.62421875 0.08359375 0.1921875
4 0.30078125 0.4265625 0.0328125 0.046875
3 0.854296875 0.583984375 0.03359375 0.12421875
3 0.90078125 0.588671875 0.0359375 0.12109375
1 0.475390625 0.39296875 0.02578125 0.0359375
5 0.5 0.56328125 0.075 0.3828125
3 0.556640625 0.6109375 0.05703125 0.165625
3 0.43828125 0.586328125 0.0390625 0.14453125