3 0.975 0.7140625 0.05 0.259375
3 0.819921875 0.69296875 0.07421875 0.3484375
3 0.703125 0.566796875 0.0625 0.37734375
3 0.6359375 0.617578125 0.075 0.39765625
3 0.453125 0.6796875 0.065625 0.296875
3 0.527734375 0.672265625 0.07109375 0.30703125
3 0.336328125 0.67265625 0.10078125 0.3859375
3 0.2703125 0.665625 0.065625 0.334375
4 0.3015625 0.307421875 0.0625 0.08984375
3 0.245703125 0.652734375 0.07578125 0.33984375
3 0.4953125 0.648046875 0.05625 0.30546875
1 0.68515625 0.36328125 0.0296875 0.0453125
5 0.70234375 0.54921875 0.0640625 0.4171875