1 0.50546875 0.397265625 0.0390625 0.06015625
1 0.646875 0.179296875 0.03125 0.04921875
3 0.132421875 0.58203125 0.10546875 0.4421875
3 0.283984375 0.64140625 0.18671875 0.5046875
3 0.38359375 0.610546875 0.0703125 0.39296875
3 0.459765625 0.608203125 0.08203125 0.36640625
3 0.73515625 0.61796875 0.0984375 0.4671875
3 0.819921875 0.673046875 0.10234375 0.49921875
1 0.42734375 0.246484375 0.0328125 0.04921875
4 0.433203125 0.25234375 0.06328125 0.0734375
2 0.43359375 0.251953125 0.0640625 0.07578125
5 0.70703125 0.501171875 0.1546875 0.69921875