4 0.24609375 0.49921875 0.0765625 0.1015625
3 0.43828125 0.783984375 0.0796875 0.36171875
3 0.365625 0.756640625 0.09375 0.36015625
3 0.29296875 0.760546875 0.1015625 0.33984375
3 0.634765625 0.757421875 0.09140625 0.36484375
3 0.7875 0.7140625 0.0875 0.275
3 0.8828125 0.7578125 0.096875 0.31875
1 0.262890625 0.234765625 0.03828125 0.05390625
1 0.871875 0.7234375 0.05625 0.071875
1 0.76015625 0.66171875 0.0390625 0.0546875
4 0.58671875 0.491015625 0.0578125 0.07578125
3 0.66875 0.676953125 0.059375 0.25390625
3 0.833984375 0.637890625 0.05546875 0.19765625
1 0.646875 0.587890625 0.025 0.03515625
1 0.912890625 0.682421875 0.02578125 0.04296875