1 0.619140625 0.291015625 0.03515625 0.05078125
3 0.62421875 0.46953125 0.0703125 0.3046875
3 0.290625 0.5625 0.078125 0.3125
3 0.381640625 0.56328125 0.05078125 0.2890625
3 0.430078125 0.561328125 0.06640625 0.31640625
3 0.582421875 0.54375 0.07421875 0.328125
3 0.6953125 0.5640625 0.078125 0.296875
3 0.805078125 0.556640625 0.08203125 0.36328125
3 0.89921875 0.572265625 0.0546875 0.26953125
3 0.98203125 0.57734375 0.0359375 0.3203125
4 0.508203125 0.242578125 0.06640625 0.09765625
5 0.623828125 0.44375 0.06640625 0.359375