1 0.35390625 0.825390625 0.0484375 0.07265625
1 0.2640625 0.805859375 0.04375 0.06796875
1 0.20234375 0.797265625 0.0453125 0.06328125
3 0.49765625 0.584375 0.0953125 0.396875
3 0.4109375 0.622265625 0.090625 0.50703125
3 0.06875 0.6453125 0.121875 0.44375
3 0.8296875 0.621484375 0.09375 0.45546875
3 0.26484375 0.60703125 0.0578125 0.2515625
1 0.47421875 0.3640625 0.0421875 0.065625
4 0.2578125 0.24140625 0.065625 0.1265625
1 0.2328125 0.583984375 0.01875 0.03046875
3 0.121875 0.611328125 0.078125 0.44140625
3 0.8984375 0.6125 0.071875 0.453125