1 0.30740625 0.41410937499999995 0.04221874999999997 0.029671875000000014
0 0.6579843750000001 0.544296875 0.019796874999999936 0.02321875000000002
2 0.38287499999999997 0.613140625 0.05995312500000001 0.1634062499999999
2 0.062296874999999995 0.33201562500000004 0.03470312499999999 0.029234375000000055
2 0.423203125 0.340484375 0.031937500000000084 0.026609375000000046
2 0.524765625 0.5245468750000001 0.05123437499999994 0.1442656249999999
2 0.576921875 0.5344374999999999 0.051796874999999964 0.14265624999999993
2 0.28071875 0.616953125 0.04431250000000002 0.17829687500000002
2 0.83859375 0.5378281250000001 0.057328125000000084 0.14287500000000009
2 0.63709375 0.557234375 0.04887499999999996 0.14329687500000005
2 0.885 0.36556249999999996 0.06414062499999992 0.04201562499999998
2 0.479171875 0.4309843750000001 0.04635937499999994 0.10534375000000007
2 0.44921875 0.342515625 0.024453124999999964 0.02639062499999998
2 0.14275 0.32878125 0.02981250000000002 0.032218750000000004
2 0.455390625 0.509296875 0.04710937499999997 0.14207812499999992
2 0.8055468749999999 0.49979687500000003 0.04607812500000001 0.12339062500000005
2 0.9162968749999999 0.60440625 0.0571406249999999 0.19826562499999997
2 0.532765625 0.42625 0.03626562500000006 0.05971875000000004