4 0.617578125 0.2203125 0.04453125 0.078125
3 0.0671875 0.381640625 0.05 0.27890625
3 0.198828125 0.340625 0.05390625 0.2375
3 0.310546875 0.288671875 0.04609375 0.21796875
3 0.259375 0.45703125 0.075 0.2515625
3 0.2671875 0.7359375 0.065625 0.278125
3 0.486328125 0.55234375 0.04453125 0.2765625
3 0.521484375 0.681640625 0.07734375 0.32890625
3 0.55703125 0.448828125 0.0484375 0.29140625
3 0.690234375 0.537109375 0.03359375 0.25859375
3 0.759375 0.528125 0.05625 0.384375
3 0.711328125 0.53359375 0.07890625 0.3359375
1 0.74609375 0.234375 0.0234375 0.046875
5 0.760546875 0.46640625 0.05546875 0.5109375