2 0.32890625 0.228125 0.0671875 0.109375
1 0.326171875 0.24765625 0.03046875 0.0609375
4 0.32890625 0.228125 0.0671875 0.109375
3 0.0421875 0.721875 0.084375 0.553125
3 0.274609375 0.7125 0.08984375 0.390625
3 0.35078125 0.695703125 0.1140625 0.43203125
3 0.419140625 0.6703125 0.05390625 0.321875
3 0.453125 0.694921875 0.059375 0.30859375
3 0.483203125 0.6546875 0.05390625 0.328125
3 0.570703125 0.651953125 0.09453125 0.38203125
3 0.678125 0.648046875 0.1125 0.48046875
3 0.85625 0.576953125 0.0625 0.34140625
3 0.91640625 0.59453125 0.0796875 0.5265625
3 0.95 0.621875 0.1 0.684375