1 0.33204687499999996 0.423734375 0.041015625 0.039281249999999976
2 0.8427031250000001 0.66178125 0.05524999999999984 0.18020312500000008
2 0.9046406250000001 0.64628125 0.06404687500000002 0.1734375
2 0.08553125 0.34364062500000003 0.03528125 0.028749999999999963
2 0.39209375 0.633765625 0.049046874999999976 0.16753125000000005
2 0.3025 0.6230781249999999 0.050156250000000034 0.1711874999999999
2 0.9731249999999999 0.4885625 0.0522343750000001 0.083984375
2 0.23675000000000002 0.34090625 0.03021874999999996 0.03018749999999999
2 0.868890625 0.416484375 0.04528125000000003 0.06970312500000002
2 0.7809531249999999 0.613703125 0.055421875000000044 0.16290624999999997
2 0.55809375 0.46164062499999997 0.032421875 0.07418750000000003
2 0.187796875 0.3391875 0.02759375000000004 0.031593750000000045
2 0.97953125 0.37737499999999996 0.032593749999999845 0.041703124999999994
2 0.42551562499999995 0.6014375 0.046453125000000026 0.1549687500000001
2 0.165671875 0.33967187499999996 0.025453124999999986 0.03104687500000001
2 0.5958593750000001 0.444515625 0.03692187499999999 0.042953125000000016