1 0.30703125 0.34765625 0.0421875 0.053125
0 0.6578125 0.57890625 0.01953125 0.04140625
2 0.3828125 0.70078125 0.06015625 0.290625
2 0.0625 0.2015625 0.034375 0.05234375
2 0.4234375 0.21640625 0.03203125 0.04765625
2 0.525 0.54375 0.0515625 0.25625
2 0.5765625 0.5609375 0.0515625 0.25390625
2 0.28046875 0.7078125 0.04453125 0.3171875
2 0.83828125 0.5671875 0.05703125 0.25390625
2 0.63671875 0.6015625 0.04921875 0.2546875
2 0.88515625 0.2609375 0.0640625 0.075
2 0.47890625 0.37734375 0.04609375 0.1875
2 0.44921875 0.2203125 0.02421875 0.046875
2 0.14296875 0.1953125 0.0296875 0.05703125
2 0.45546875 0.51640625 0.046875 0.25234375
2 0.80546875 0.5 0.04609375 0.21953125
2 0.91640625 0.6859375 0.05703125 0.35234375
2 0.5328125 0.36875 0.0359375 0.10625