1 0.720234375 0.4246875 0.043343750000000014 0.031593750000000045
2 0.473609375 0.633640625 0.05218749999999996 0.17932812499999998
2 0.03724999999999999 0.5624374999999999 0.057640625 0.15387500000000004
2 0.983 0.3390625 0.03399999999999999 0.03565624999999999
2 0.04290625 0.32646875 0.04009375 0.04703125000000004
2 0.15165625 0.457703125 0.037203125000000004 0.09953124999999989
2 0.037609375 0.378171875 0.03482812500000001 0.03492187499999995
2 0.291890625 0.372484375 0.033546875000000045 0.030984375000000064
2 0.16046875 0.37803125 0.03385937499999998 0.031125000000000024
2 0.074609375 0.380890625 0.031984374999999995 0.030140624999999942
2 0.11903125 0.37951562499999997 0.025796874999999986 0.030031250000000044
2 0.23514062500000002 0.478328125 0.04446874999999997 0.08151562500000012