0 0.254046875 0.55103125 0.022031250000000037 0.017453125000000114
2 0.926984375 0.49109375 0.05871874999999989 0.10618749999999988
2 0.8424375 0.48851562499999995 0.043296875000000054 0.11029687499999988
2 0.731921875 0.48820312499999996 0.06451562499999994 0.08267187499999995
2 0.8670312499999999 0.618078125 0.05257812500000014 0.16046875000000008
2 0.795296875 0.5282500000000001 0.051203124999999974 0.133
2 0.7958125 0.686640625 0.09649999999999999 0.18625000000000008
2 0.5490625 0.45178124999999997 0.065234375 0.1064375
2 0.438890625 0.542921875 0.04637499999999992 0.1337187499999999
2 0.23725000000000002 0.642109375 0.12406250000000005 0.27826562500000007
2 0.59715625 0.558875 0.058687500000000094 0.1227500000000001