1 0.33203125 0.3640625 0.040625 0.06953125
2 0.84296875 0.7875 0.05546875 0.3203125
2 0.9046875 0.76015625 0.0640625 0.30859375
2 0.08515625 0.221875 0.03515625 0.05078125
2 0.3921875 0.7375 0.04921875 0.29765625
2 0.30234375 0.71875 0.05 0.3046875
2 0.9734375 0.4796875 0.05234375 0.14921875
2 0.23671875 0.2171875 0.03046875 0.05390625
2 0.86875 0.3515625 0.0453125 0.12421875
2 0.78125 0.70234375 0.05546875 0.28984375
2 0.5578125 0.43203125 0.0328125 0.13203125
2 0.1875 0.2140625 0.02734375 0.05625
2 0.9796875 0.28203125 0.0328125 0.07421875
2 0.42578125 0.68046875 0.04609375 0.27578125
2 0.165625 0.21484375 0.02578125 0.05546875
2 0.59609375 0.4015625 0.03671875 0.0765625