1 0.3609375 0.353125 0.040625 0.06484375
0 0.3265625 0.6421875 0.01953125 0.04453125
2 0.9109375 0.72421875 0.090625 0.2875
2 0.42265625 0.7546875 0.06171875 0.28828125
2 0.4890625 0.553125 0.0578125 0.275
2 0.3015625 0.7171875 0.06640625 0.353125
2 0.5703125 0.57421875 0.05546875 0.2609375
2 0.6390625 0.57578125 0.0546875 0.27890625
2 0.1078125 0.20546875 0.03671875 0.053125
2 0.2640625 0.20234375 0.0296875 0.053125
2 0.8265625 0.528125 0.053125 0.25078125
2 0.14453125 0.203125 0.0328125 0.053125
2 0.53828125 0.39140625 0.0453125 0.18671875
2 0.06484375 0.2125 0.03046875 0.0484375
2 0.18984375 0.20234375 0.0328125 0.0484375
2 0.84375 0.20703125 0.04453125 0.0578125
2 0.503125 0.2234375 0.02421875 0.0515625
2 0.68671875 0.434375 0.040625 0.203125
2 0.0765625 0.18515625 0.0265625 0.090625
2 0.47890625 0.21875 0.0296875 0.06015625