0 0.56171875 0.590625 0.01875 0.03515625
1 0.66015625 0.35 0.03828125 0.0578125
2 0.72265625 0.7140625 0.08828125 0.3125
2 0.61875 0.72734375 0.05859375 0.30234375
2 0.9234375 0.1953125 0.04453125 0.06171875
2 0.54453125 0.21484375 0.03515625 0.05234375
2 0.515625 0.540625 0.04765625 0.26796875
2 0.18125 0.7953125 0.06953125 0.33125
2 0.18671875 0.48671875 0.04765625 0.23671875
2 0.371875 0.40546875 0.0375 0.1375
2 0.1359375 0.2625 0.0359375 0.05625
2 0.22578125 0.25859375 0.0328125 0.059375
2 0.09921875 0.1734375 0.03125 0.078125
2 0.08125 0.26328125 0.034375 0.06171875
2 0.03515625 0.271875 0.0328125 0.053125
2 0.24296875 0.028125 0.03359375 0.046875
2 0.0640625 0.75859375 0.07734375 0.31875
2 0.35078125 0.24765625 0.0328125 0.0578125
2 0.87421875 0.61484375 0.02734375 0.10625