1 0.360890625 0.417484375 0.041000000000000016 0.036406250000000064
0 0.32628124999999997 0.58 0.019859374999999967 0.024906249999999908
2 0.91128125 0.626 0.09026562499999997 0.16174999999999998
2 0.422546875 0.6431250000000001 0.06181250000000009 0.16220312499999992
2 0.488875 0.5296875 0.05745312499999997 0.1547968749999999
2 0.301703125 0.622125 0.06615624999999996 0.19842187500000003
2 0.5706562500000001 0.5416718749999999 0.05517187499999991 0.14657812499999992
2 0.6387343750000001 0.5426875 0.054593749999999906 0.15670312499999994
2 0.10801562499999999 0.334296875 0.03639062499999999 0.02971874999999997
2 0.26403125 0.33254687499999996 0.030031249999999954 0.030031250000000044
2 0.8267187500000001 0.515609375 0.05285937499999989 0.1411249999999999
2 0.144265625 0.332859375 0.03254687500000002 0.029843749999999947
2 0.538046875 0.43910937499999997 0.045656250000000044 0.10509374999999999
2 0.065015625 0.338109375 0.030437500000000006 0.027453124999999988
2 0.19021875 0.33278125000000003 0.03265625000000001 0.027328125000000016
2 0.843578125 0.33528125 0.0442499999999999 0.03270312500000001
2 0.503 0.344578125 0.024375000000000036 0.028828124999999982
2 0.686484375 0.46296875000000004 0.04049999999999994 0.11434374999999992
2 0.076546875 0.32284375 0.026750000000000006 0.050765625000000016
2 0.478578125 0.3419375 0.029906249999999978 0.033781250000000006