0 0.196 0.6024843750000001 0.018921875000000022 0.014578124999999886
2 0.42853125 0.560109375 0.06282812500000005 0.1204218749999999
2 0.52575 0.50565625 0.05464062500000004 0.11967187500000005
2 0.24162499999999998 0.43298437500000003 0.03490624999999996 0.03562499999999993
2 0.62184375 0.6274375 0.07620312499999997 0.17592187500000006
2 0.863875 0.6849999999999999 0.12576562500000002 0.19250000000000006
2 0.45428125 0.35875 0.03332812500000006 0.02865624999999996
2 0.10071875 0.2944375 0.028531249999999987 0.03810937499999998
2 0.28221875 0.43003125000000003 0.03914062500000002 0.03865625000000002
2 0.014171875 0.45685937499999996 0.02834375 0.12471874999999995
2 0.423859375 0.36106249999999995 0.02840624999999992 0.023921875000000002