1 0.443453125 0.4147187499999999 0.04507812500000004 0.038078125000000004
0 0.544640625 0.6835 0.021499999999999984 0.01796875
2 0.8972031250000001 0.5452343749999999 0.06907812500000006 0.14637499999999992
2 0.957640625 0.621296875 0.08306250000000012 0.16693750000000004
2 0.631578125 0.5407031250000001 0.07071874999999998 0.129109375
2 0.092921875 0.7010625 0.10196874999999998 0.160359375
2 0.42639062499999997 0.5875781250000001 0.05675000000000008 0.13074999999999992
2 0.5703125 0.57565625 0.05181249999999995 0.1463750000000001
2 0.550984375 0.553859375 0.05428125000000002 0.120890625
2 0.504515625 0.66159375 0.05509374999999998 0.14392187500000003
2 0.5106875 0.625828125 0.113484375 0.13157812500000005