1 0.687546875 0.37396875 0.04528125000000003 0.05032812499999997
0 0.355125 0.577125 0.029468750000000023 0.026828125000000112
2 0.71971875 0.583734375 0.06776562500000001 0.18392187500000007
2 0.336171875 0.5660937500000001 0.070515625 0.15789062499999992
2 0.21775000000000003 0.628328125 0.07676562499999999 0.19781250000000003
2 0.56734375 0.59534375 0.07850000000000001 0.19682812500000005
2 0.466921875 0.495140625 0.05257812499999996 0.1555937499999999
2 0.0464375 0.32871875 0.03404687499999999 0.03423437499999995
2 0.9687187500000001 0.28489062499999995 0.044015625000000114 0.037843750000000044
2 0.095453125 0.3299375 0.03806250000000002 0.03371874999999998
2 0.013875000000000002 0.32618749999999996 0.027750000000000004 0.036812500000000005
2 0.37756249999999997 0.31673437499999996 0.030421875000000043 0.033296875000000004
2 0.20782812499999997 0.47034374999999995 0.03985937499999999 0.13003125000000004
2 0.157609375 0.373828125 0.045890625000000004 0.05928125000000004