1 0.6875 0.27578125 0.0453125 0.08984375
0 0.35546875 0.6375 0.0296875 0.04765625
2 0.71953125 0.64921875 0.06796875 0.32734375
2 0.3359375 0.6171875 0.0703125 0.28046875
2 0.21796875 0.728125 0.0765625 0.3515625
2 0.5671875 0.66953125 0.078125 0.35
2 0.4671875 0.49140625 0.05234375 0.2765625
2 0.04609375 0.1953125 0.034375 0.0609375
2 0.96875 0.11796875 0.04375 0.0671875
2 0.0953125 0.19765625 0.03828125 0.06015625
2 0.0140625 0.190625 0.028125 0.065625
2 0.37734375 0.17421875 0.03046875 0.059375
2 0.2078125 0.44765625 0.03984375 0.23125
2 0.1578125 0.27578125 0.04609375 0.10546875