1 0.63515625 0.12890625 0.09453125 0.1546875
0 0.6828125 0.22734375 0.06015625 0.12890625
2 0.2125 0.7515625 0.34375 0.48984375
2 0.06796875 0.71171875 0.06015625 0.078125
2 0.96796875 0.7703125 0.0453125 0.07265625
2 0.040625 0.903125 0.08125 0.19375
2 0.45234375 0.6734375 0.16171875 0.646875
2 0.06015625 0.65 0.05 0.13046875
2 0.62890625 0.565625 0.2484375 0.85546875
2 0.890625 0.75546875 0.0578125 0.0921875
2 0.7421875 0.76484375 0.12109375 0.4609375
2 0.11171875 0.7 0.05 0.11328125
2 0.05703125 0.53984375 0.0578125 0.125
2 0.33125 0.6375 0.0484375 0.19296875
2 0.15390625 0.5578125 0.05703125 0.146875
2 0.0171875 0.63125 0.034375 0.15234375
2 0.15625 0.625 0.03984375 0.07734375