1 0.635140625 0.291265625 0.09432812500000001 0.08684374999999997
0 0.68296875 0.3465625 0.06018749999999997 0.07243750000000002
2 0.212875 0.641609375 0.3439375 0.27551562500000004
2 0.068265625 0.6191093750000001 0.05978124999999999 0.04373437500000001
2 0.968171875 0.652265625 0.04532812499999998 0.04090624999999992
2 0.04065625 0.726765625 0.0813125 0.10896875000000002
2 0.4525625 0.5974375000000001 0.16190625 0.36381250000000004
2 0.060375 0.5842499999999999 0.0503125 0.07340625000000003
2 0.628640625 0.53696875 0.24846874999999996 0.4813749999999999
2 0.890765625 0.64353125 0.057906249999999916 0.05181249999999995
2 0.741953125 0.649140625 0.1212031249999999 0.25940624999999995
2 0.1115 0.612359375 0.05007812499999997 0.06390624999999997
2 0.057359375000000004 0.5223281249999999 0.05782812500000001 0.07028125000000003
2 0.331625 0.577453125 0.04837499999999997 0.10875000000000004
2 0.154109375 0.532453125 0.05696875000000001 0.08246874999999995
2 0.017171875000000003 0.573890625 0.034109375 0.08567187499999988
2 0.156140625 0.570359375 0.040046874999999996 0.04340624999999996