0 0.561359375 0.55090625 0.018859375000000077 0.01960937499999993
1 0.660140625 0.41556249999999995 0.03854687499999994 0.032546875000000065
2 0.72265625 0.620609375 0.08792187499999997 0.17573437500000005
2 0.618859375 0.627828125 0.05843749999999996 0.170109375
2 0.9236718749999999 0.32871875 0.044500000000000026 0.034812499999999955
2 0.5447031250000001 0.3394375 0.035531250000000014 0.029593749999999995
2 0.515359375 0.52265625 0.04782812500000002 0.15070312500000008
2 0.181203125 0.66609375 0.069625 0.1862343749999999
2 0.1868125 0.49254687500000005 0.04771875000000003 0.13321875
2 0.371625 0.446890625 0.037203125000000004 0.07751562500000002
2 0.13625 0.366546875 0.035578125000000016 0.03157812499999997
2 0.22554687499999998 0.36409375 0.03307812500000003 0.033187500000000016
2 0.099453125 0.31614062499999995 0.03128125 0.04399999999999995
2 0.081609375 0.36698437500000003 0.03459375 0.034499999999999975
2 0.035171875000000005 0.371578125 0.032968750000000005 0.02999999999999998
2 0.24309375000000003 0.2346875 0.03359375 0.02628124999999999
2 0.06378125000000001 0.64546875 0.07709375 0.179109375
2 0.35071875 0.35815625 0.032859375000000045 0.032328125
2 0.8740625 0.564625 0.02759375000000013 0.059921875000000034