1 0.722640625 0.428421875 0.03854687499999994 0.031828125000000006
2 0.8905 0.71703125 0.09224999999999994 0.12634375000000003
2 0.114421875 0.38915625 0.04160937499999999 0.03564062500000005
2 0.974359375 0.349828125 0.04085937500000014 0.03424999999999993
2 0.61290625 0.363328125 0.026468750000000086 0.025234375000000052
2 0.0399375 0.47956249999999995 0.0331875 0.0754999999999999
2 0.567734375 0.5912656249999999 0.06365625000000001 0.13187500000000013
2 0.07953125000000001 0.34515625 0.041015625 0.05485937500000002
2 0.18003125 0.354375 0.034624999999999996 0.066515625
2 0.31642187499999996 0.36946874999999996 0.03264062499999998 0.05679687500000004
2 0.023453125 0.34654687500000003 0.03325 0.04282812499999995
2 0.33132812500000003 0.7402656249999999 0.06504687499999999 0.08100000000000004