1 0.72265625 0.37265625 0.03828125 0.05625
2 0.890625 0.8859375 0.0921875 0.225
2 0.1140625 0.303125 0.04140625 0.06328125
2 0.97421875 0.2328125 0.040625 0.0609375
2 0.61328125 0.25703125 0.0265625 0.04453125
2 0.03984375 0.46328125 0.0328125 0.134375
2 0.56796875 0.6625 0.06328125 0.234375
2 0.0796875 0.225 0.04140625 0.09765625
2 0.1796875 0.24140625 0.034375 0.11796875
2 0.31640625 0.26796875 0.0328125 0.10078125
2 0.0234375 0.22734375 0.03359375 0.07578125
2 0.33125 0.92734375 0.06484375 0.14375