1 0.39453125 0.466796875 0.0234375 0.04296875
4 0.612890625 0.31171875 0.05078125 0.0546875
3 0.05859375 0.4671875 0.0390625 0.171875
3 0.50859375 0.89609375 0.0984375 0.2078125
3 0.18125 0.844921875 0.109375 0.30859375
3 0.157421875 0.55390625 0.08984375 0.1796875
3 0.88203125 0.68125 0.1171875 0.28125
3 0.580078125 0.4 0.03515625 0.109375
3 0.573828125 0.56640625 0.08203125 0.2421875
3 0.415625 0.566796875 0.0625 0.23046875
3 0.48359375 0.6234375 0.0859375 0.234375
3 0.491015625 0.473046875 0.08203125 0.08984375