1 0.8684218749999999 0.30017187500000003 0.03289062499999993 0.03618749999999995
2 0.097453125 0.36307812500000003 0.05675000000000001 0.078125
2 0.038234375 0.40049999999999997 0.066609375 0.09704687500000002
2 0.24506250000000002 0.39432812500000003 0.05592187500000003 0.10279687499999998
2 0.16446875 0.36267187500000003 0.0625 0.08387500000000006
2 0.3671875 0.383640625 0.030421875000000043 0.10279687500000004
2 0.407890625 0.38815625000000004 0.027953124999999978 0.09704687500000002
2 0.7125781250000001 0.40173437500000003 0.05345312500000006 0.12746875000000008
2 0.629109375 0.45353125 0.10854687500000004 0.21628124999999992
2 0.532078125 0.391859375 0.04934375000000006 0.12746875000000008
2 0.585109375 0.40214062500000003 0.05839062500000001 0.12829687500000003
2 0.44571875 0.5160312499999999 0.25164062499999995 0.4662812500000001
0 0.3544375 0.46134375 0.05098437499999999 0.05756250000000005