2 0.453125 0.474921875 0.07729687500000004 0.18996875000000002
2 0.561671875 0.4790312500000001 0.06579687500000002 0.160359375
2 0.678859375 0.5291875 0.13404687499999995 0.4037812499999999
2 0.784546875 0.4946562500000001 0.0625 0.18832812499999996
2 0.7989375000000001 0.48725000000000007 0.06332812499999996 0.15542187500000004
2 0.756984375 0.47368749999999993 0.03699999999999992 0.13157812500000005
2 0.167359375 0.45642187500000003 0.05839062500000001 0.14309374999999994
2 0.024265625000000002 0.44079687500000003 0.043578125 0.10690625000000006
2 0.081421875 0.4477812500000001 0.047703125 0.1143125
1 0.738078125 0.34581249999999997 0.03207812499999996 0.03207812499999996
0 0.754515625 0.439140625 0.018921875000000022 0.01973437499999999