2 0.972859375 0.48560937499999995 0.05428125000000002 0.3149687499999999
2 0.8174374999999999 0.40831249999999997 0.03946874999999998 0.12253124999999998
2 0.861015625 0.41118749999999993 0.04770312499999996 0.1200625
2 0.92434375 0.41653124999999996 0.06907812500000006 0.14720312500000005
2 0.1739375 0.41653124999999996 0.07976562500000002 0.140625
2 0.334703125 0.42475000000000007 0.07729687499999996 0.13075000000000006
2 0.63075 0.389390625 0.06743749999999996 0.089640625
2 0.754515625 0.37253125000000004 0.03865625000000002 0.08553125000000002
2 0.5608593749999999 0.38979687500000004 0.04440624999999994 0.08553125000000006
2 0.500828125 0.46010937499999993 0.12993749999999996 0.32482812499999997
0 0.532078125 0.56825 0.03946874999999998 0.03782812499999988