3 0.034375 0.552734375 0.0375 0.22109375
3 0.25546875 0.5578125 0.0859375 0.2875
3 0.334765625 0.5359375 0.03203125 0.175
3 0.450390625 0.5515625 0.03203125 0.2
3 0.355078125 0.555859375 0.03515625 0.18984375
3 0.55625 0.524609375 0.078125 0.27734375
3 0.405859375 0.544921875 0.02109375 0.14609375
3 0.42734375 0.544140625 0.0390625 0.19140625
3 0.630859375 0.541796875 0.07109375 0.33984375
3 0.7828125 0.5265625 0.046875 0.21875
1 0.626171875 0.359375 0.02109375 0.04375
4 0.5046875 0.353125 0.028125 0.0625
4 0.96953125 0.0765625 0.0609375 0.153125
5 0.63125 0.5234375 0.071875 0.375