4 0.222265625 0.128125 0.06015625 0.115625
3 0.1234375 0.56328125 0.08125 0.3828125
3 0.2765625 0.536328125 0.128125 0.36640625
3 0.4015625 0.750390625 0.153125 0.40078125
3 0.39296875 0.565234375 0.1265625 0.40859375
3 0.431640625 0.375 0.06953125 0.2375
3 0.5484375 0.31328125 0.0875 0.4890625
3 0.803515625 0.48125 0.14140625 0.378125
3 0.698828125 0.370703125 0.06640625 0.46640625
3 0.76171875 0.441015625 0.0859375 0.27890625
1 0.663671875 0.078125 0.03359375 0.059375
5 0.689453125 0.326953125 0.08515625 0.55703125