5 0.627734375 0.4375 0.04921875 0.2125
4 0.684765625 0.353515625 0.02265625 0.04140625
3 0.908203125 0.526171875 0.02578125 0.14921875
3 0.08046875 0.6078125 0.0703125 0.153125
3 0.334765625 0.515625 0.02578125 0.125
3 0.260546875 0.463671875 0.03046875 0.13359375
3 0.4875 0.635546875 0.046875 0.19921875
3 0.53984375 0.46796875 0.0421875 0.1171875
3 0.6375 0.58671875 0.0625 0.1703125
3 0.6953125 0.52890625 0.040625 0.1484375
3 0.62265625 0.4640625 0.0390625 0.15625
3 0.66171875 0.48203125 0.0390625 0.1515625
1 0.646875 0.34453125 0.0125 0.0203125
3 0.468359375 0.820703125 0.03984375 0.25390625