4 0.2453125 0.32578125 0.05625 0.1328125
3 0.0171875 0.75703125 0.034375 0.4171875
3 0.244921875 0.750390625 0.06796875 0.41640625
3 0.315625 0.753515625 0.0625 0.30390625
3 0.9453125 0.73671875 0.06875 0.2609375
3 0.8453125 0.759765625 0.0625 0.18203125
3 0.679296875 0.70625 0.03359375 0.153125
1 0.566796875 0.601171875 0.02734375 0.05234375
3 0.567578125 0.673046875 0.04140625 0.15859375
3 0.61484375 0.789453125 0.0765625 0.33515625
3 0.5484375 0.7921875 0.10625 0.390625
3 0.42578125 0.7828125 0.1265625 0.434375
5 0.568359375 0.660546875 0.03984375 0.17734375