4 0.42734375 0.28828125 0.0265625 0.0484375
3 0.151953125 0.4734375 0.02890625 0.171875
3 0.620703125 0.494921875 0.09453125 0.20234375
3 0.371875 0.588671875 0.065625 0.25234375
3 0.387109375 0.425 0.05234375 0.1875
3 0.469921875 0.45859375 0.03984375 0.1734375
3 0.46171875 0.443359375 0.0203125 0.13359375
3 0.440625 0.429296875 0.046875 0.19296875
3 0.416015625 0.4296875 0.03203125 0.203125
1 0.4125 0.32578125 0.0125 0.0203125
5 0.4171875 0.4234375 0.03125 0.215625
3 0.314453125 0.662109375 0.07578125 0.33984375