1 0.371875 0.28359375 0.046875 0.09453125
0 0.69765625 0.090625 0.03828125 0.05703125
2 0.87890625 0.6609375 0.05390625 0.27578125
2 0.85390625 0.634375 0.0484375 0.27734375
2 0.7109375 0.8265625 0.07421875 0.259375
2 0.6328125 0.40390625 0.046875 0.20546875
2 0.5796875 0.43984375 0.059375 0.2234375
2 0.4859375 0.6953125 0.04609375 0.303125
2 0.490625 0.54453125 0.0484375 0.25625
2 0.44765625 0.5296875 0.0515625 0.2921875
2 0.37734375 0.7078125 0.05703125 0.3265625
2 0.37109375 0.66484375 0.059375 0.31953125