4 0.6953125 0.316796875 0.028125 0.04296875
1 0.375390625 0.3796875 0.01328125 0.021875
3 0.347265625 0.584765625 0.05703125 0.23203125
3 0.357421875 0.432421875 0.02734375 0.10234375
3 0.45234375 0.4578125 0.0671875 0.1625
3 0.52109375 0.465234375 0.0609375 0.12421875
3 0.56328125 0.558203125 0.0359375 0.20390625
3 0.579296875 0.5125 0.02734375 0.16875
3 0.5984375 0.523046875 0.0375 0.16796875
3 0.649609375 0.46953125 0.02734375 0.1546875
3 0.682421875 0.47578125 0.03671875 0.1609375
5 0.364453125 0.4265625 0.03828125 0.11875