4 0.4609375 0.15234375 0.03125 0.0390625
4 0.6078125 0.22890625 0.05 0.0640625
1 0.3203125 0.3296875 0.015625 0.01875
1 0.3953125 0.43203125 0.01875 0.0234375
1 0.6359375 0.42265625 0.025 0.0328125
1 0.18515625 0.9171875 0.0359375 0.05
3 0.1765625 0.890625 0.15 0.21875
3 0.29453125 0.88828125 0.1328125 0.2234375
3 0.45859375 0.58515625 0.1046875 0.2328125
3 0.665625 0.4640625 0.103125 0.215625
3 0.37265625 0.421875 0.0796875 0.1875
3 0.29375 0.32265625 0.05625 0.1265625
3 0.30703125 0.31328125 0.0328125 0.0734375
3 0.3703125 0.29453125 0.05 0.1046875
3 0.4484375 0.29609375 0.053125 0.1078125
3 0.43359375 0.30703125 0.0453125 0.1046875
3 0.4390625 0.27578125 0.046875 0.0984375
3 0.45625 0.2390625 0.028125 0.075
3 0.4484375 0.24375 0.028125 0.078125
3 0.434375 0.2203125 0.0375 0.078125
3 0.42109375 0.246875 0.0265625 0.0625
3 0.41328125 0.23203125 0.0265625 0.0703125
3 0.4046875 0.25390625 0.03125 0.0796875
3 0.39375 0.2515625 0.0375 0.0875