4 0.551953125 0.153515625 0.02265625 0.03515625
4 0.675 0.266796875 0.0375 0.05546875
1 0.3703125 0.289453125 0.0125 0.01640625
1 0.41640625 0.405859375 0.0140625 0.02109375
1 0.651171875 0.46171875 0.01796875 0.0296875
1 0.0875 0.820703125 0.025 0.04453125
3 0.075 0.843359375 0.071875 0.31171875
3 0.192578125 0.855859375 0.06015625 0.28671875
3 0.4390625 0.571875 0.046875 0.228125
3 0.669140625 0.509375 0.05078125 0.209375
3 0.396484375 0.391015625 0.03359375 0.18515625
3 0.346484375 0.275 0.02421875 0.125
3 0.362109375 0.26875 0.01484375 0.071875
3 0.428125 0.26796875 0.025 0.1015625
3 0.502734375 0.28984375 0.02734375 0.1046875
3 0.4859375 0.296875 0.01875 0.103125
3 0.498828125 0.266796875 0.02265625 0.09609375
3 0.525 0.236328125 0.009375 0.07578125
3 0.516796875 0.239453125 0.00859375 0.07890625
3 0.508203125 0.2125 0.01953125 0.075
3 0.490234375 0.23515625 0.01171875 0.0609375
3 0.4859375 0.219140625 0.009375 0.06953125
3 0.47265625 0.237890625 0.0109375 0.07890625
3 0.461328125 0.23203125 0.01640625 0.0859375