2 0.22265625 0.22734375 0.0515625 0.0734375
3 0.0671875 0.4 0.071875 0.228125
3 0.29765625 0.45078125 0.1203125 0.2390625
3 0.33046875 0.403125 0.0640625 0.1625
3 0.35 0.58125 0.09375 0.315625
3 0.403125 0.5578125 0.071875 0.25
3 0.45234375 0.5484375 0.0765625 0.284375
3 0.45390625 0.7546875 0.0984375 0.3375
3 0.21484375 0.87421875 0.1078125 0.2515625
3 0.61171875 0.42265625 0.0859375 0.2640625
3 0.734375 0.5375 0.08125 0.309375
3 0.78828125 0.384375 0.0703125 0.23125
3 0.90625 0.5453125 0.075 0.303125
3 0.9625 0.75625 0.075 0.40625
1 0.221875 0.23984375 0.025 0.0421875
4 0.22265625 0.22734375 0.0515625 0.0734375