2 0.246484375 0.203515625 0.04609375 0.06953125
3 0.078125 0.362109375 0.053125 0.22421875
3 0.301953125 0.434375 0.10078125 0.23125
3 0.340625 0.3890625 0.05 0.159375
3 0.342578125 0.56796875 0.06640625 0.3109375
3 0.398828125 0.548046875 0.05078125 0.24609375
3 0.44765625 0.54375 0.0515625 0.28125
3 0.431640625 0.750390625 0.06953125 0.33203125
3 0.1828125 0.8625 0.084375 0.275
3 0.61796875 0.431640625 0.0640625 0.26015625
3 0.73046875 0.5578125 0.0546875 0.30625
3 0.7984375 0.409375 0.05 0.228125
3 0.899609375 0.580859375 0.04921875 0.29921875
3 0.959375 0.798828125 0.08125 0.40078125
1 0.244921875 0.216796875 0.02109375 0.03984375
4 0.246484375 0.203515625 0.04609375 0.06953125